.Random.seed <-
c(10403L, 10L, -969152172L, -359860137L, -1209220019L, 1428494308L, 
-42482230L, -360977355L, -43357553L, -152280170L, 1524035392L, 
656736771L, -965994463L, 820048656L, 277336302L, -1247637351L, 
-1563527893L, -1054569446L, 1588715228L, 739194591L, 2028863669L, 
1457727052L, 1606511266L, 1620169213L, -171296009L, -1756066786L, 
243025624L, -42100165L, 1751619545L, 1347435880L, 809561238L, 
-64853487L, 1719665603L, -1416560686L, -1296000412L, 1276885415L, 
-107759875L, -768331020L, -2082196006L, -482711259L, -1017835457L, 
-722538554L, 6427728L, 1137047667L, 2009799825L, -1453613888L, 
-455536994L, 155058793L, 238871195L, 29609898L, 1573231564L, 
-1262053745L, 1799947973L, 1121283708L, 284295890L, -2141518259L, 
-1084888313L, 1953435374L, -1135809592L, -1898464053L, 1331676457L, 
-874887816L, 2038618790L, 1416690881L, -2134614701L, -619783678L, 
1310384948L, -964112201L, 1298020525L, -213645884L, 1461458410L, 
1338681941L, -943746065L, 1205105654L, -885660384L, 1199459043L, 
-2051470463L, -1009611280L, -1439083378L, -1851966471L, -512812661L, 
-1264818758L, 951487676L, 1086922751L, 2084322645L, -145981844L, 
-2083267902L, -1545380579L, -724880489L, -1300871426L, -1183411016L, 
2124801691L, 251553017L, -585148856L, 698782070L, 1896659121L, 
1181252835L, -1453282382L, -1043696636L, 1292187463L, -1261507043L, 
-1933097836L, 711713850L, 386571909L, -379953313L, 1045495782L, 
1466577520L, 302912915L, 1930740273L, -911499040L, 1543166334L, 
2046221321L, -1214337989L, 230224394L, -1177716244L, -1542693265L, 
-716516955L, 1706019164L, 1595209010L, 1872350253L, -1936031001L, 
628746254L, -1139295768L, -1957733397L, -417381239L, -1037991912L, 
745316166L, -1595818591L, 1081611315L, 1077721506L, 411753620L, 
-1800299753L, 388846861L, -1804934108L, -1601129462L, -1947260555L, 
-283643697L, 1734173654L, 1248500608L, -1484623933L, -1896453791L, 
-1381744688L, -340674770L, -1278072103L, 2017749227L, -2011793062L, 
-1407728868L, 616470047L, -2030416267L, 1179044620L, 737847010L, 
-248001603L, -1114018761L, 141065950L, 507402776L, 349758843L, 
-19129063L, 276717992L, 948745558L, -1849694767L, -901644925L, 
1953825810L, 875048868L, -2775193L, -1015843651L, -1073142732L, 
1662961562L, -1448635419L, 784306047L, -1756688634L, 873056400L, 
1229594931L, -508471599L, 699180160L, 168232286L, -313754967L, 
941901147L, -2058487958L, 2120105484L, -569461169L, 2051365637L, 
1393064892L, 413134482L, -1165365875L, -1366745657L, -278405458L, 
1233614600L, -930749173L, 1607881705L, 457548984L, 1617089382L, 
1178736641L, -296532333L, 695155010L, -157001996L, -1928346889L, 
-156085523L, 1473047940L, 2039595946L, 45463829L, -1931283537L, 
-541553738L, -230059552L, -1455787741L, 1989338689L, -250148560L, 
35978062L, 483647929L, 1077590987L, 1963749498L, -152383108L, 
-342171201L, 1362796181L, 1986290860L, -1963078014L, -215775651L, 
-307058345L, 70366270L, 1139742840L, -1624423589L, -1279869255L, 
-14707960L, -1810798154L, -1688078607L, -538599133L, -2079837326L, 
386890180L, -267730553L, 1278475101L, -2047717308L, 209406296L, 
-2081403334L, -193705104L, -533051332L, 1177909012L, -1744712254L, 
2044998368L, 1359298428L, -1270776112L, -303787870L, -1171344344L, 
2018841868L, 102551484L, -1939467982L, 371872192L, 1694878260L, 
-64289848L, 433377466L, -1487681136L, 1220258284L, -1256310188L, 
-155846510L, 1120859936L, 1605726668L, 1232352736L, 1595541186L, 
-396485592L, 1762122412L, 1999340732L, 2111238642L, 1938104624L, 
-1549304668L, -2001170760L, -1181528742L, 34307472L, -93586564L, 
243151124L, -1324600510L, 911055616L, 100190140L, -1217927344L, 
458236706L, 705836360L, -1994706420L, -1374070692L, 671835346L, 
-1436925440L, 103232852L, 1748345320L, 859933690L, -1600548656L, 
1825582380L, 1251861236L, -709058158L, -1387727776L, -356856564L, 
503837408L, 1777652066L, 696318632L, 51085900L, -1089316484L, 
-676332238L, 1521692784L, 396037956L, 1845257688L, 840252538L, 
694451760L, 842756796L, -18806956L, -851565502L, -381936224L, 
-1008907588L, -55742000L, -1636858526L, 1680789480L, -1485086772L, 
1260574460L, -2044995086L, 1797886080L, 817212660L, -1431490936L, 
236838714L, 777272144L, -1675153812L, 1185491092L, -31925934L, 
1377498848L, -1331070260L, -766738272L, 978930562L, 315794152L, 
760693484L, -117748676L, 1364990578L, 1423205488L, -1119240668L, 
-454951880L, -544716774L, 1908914896L, 1059830844L, -1358502764L, 
-794084222L, -345735232L, 482562364L, -654443888L, 1460843554L, 
1939706888L, 1912924300L, -1678302180L, -260915566L, -216611712L, 
-2108944364L, 536845608L, -292020678L, -681759536L, 470541420L, 
-743320908L, -1630461934L, -1665288224L, -1486538804L, 139480544L, 
-1742559710L, 815071528L, 1782593804L, 630580796L, 323309810L, 
-1870998800L, 139699012L, 1153548888L, 1947372090L, 1523638000L, 
-1248455492L, 533362196L, -1113335614L, -166959008L, 866284924L, 
395113680L, -620717022L, 584401576L, -686618740L, 1799041468L, 
460133426L, 1366701888L, -1948366668L, -1718453432L, -1583539526L, 
-23980272L, 271982828L, 1671132244L, -876273902L, -60367968L, 
1822711756L, -1868154016L, -1259917118L, -370932184L, 426337708L, 
1764253500L, -2141993102L, -1779049680L, 1455890980L, 205543480L, 
-1343109926L, 1627580816L, 649627388L, 1215672212L, 1114213186L, 
1201062400L, 20617788L, -675971504L, -909813086L, -425272504L, 
433881612L, 1740131548L, 580696658L, 1449519232L, 1243200340L, 
56965608L, 929966842L, -124520624L, 783727660L, 680113524L, -593803630L, 
348396128L, 1707418252L, 897022816L, 549274338L, -1947721560L, 
833323212L, -731182596L, -1368649806L, -2099071504L, -1013701180L, 
1423105880L, -2065085574L, -2112653904L, 668662204L, -1778669484L, 
-360707134L, 989545248L, -1482874948L, 1694394960L, 1322999266L, 
1697263976L, 376458572L, -825325316L, 1444684530L, -1477617920L, 
-930249100L, 1034307592L, 978434490L, -208267312L, -23283220L, 
916459412L, -875826478L, -1990193568L, 414737740L, 364582176L, 
-584109438L, 257452520L, -242071572L, 598341180L, -1615475086L, 
1482802032L, 386320676L, 1604088376L, 1244062106L, 1358130368L, 
1616561054L, 1331089515L, -1760342035L, 1617252954L, 1873663256L, 
1888035457L, 832581683L, -1654622636L, -855948702L, 705004791L, 
-120520895L, -75358778L, 529125124L, 461130421L, 811083167L, 
-236815880L, -225708074L, -675585437L, -1647396315L, -1290157630L, 
-1109702992L, 635297497L, 257714251L, -380578116L, 197874922L, 
-1976925921L, -225463895L, -1120463042L, 1187856940L, -1867771779L, 
1836683975L, 601451440L, -621953586L, 1440141051L, 1340429661L, 
1274371722L, 2048244904L, 1443596305L, 929265923L, -1426566140L, 
-1495270350L, -412388217L, 2128486609L, 168596054L, -1591354828L, 
-1183293115L, -489219185L, -1083932920L, 455502118L, -628000301L, 
-82627787L, -907787630L, 2045097568L, 1687105481L, -1788166405L, 
141091020L, 992876890L, -4697009L, 1339029785L, -1373256914L, 
-1876824772L, 1852431021L, 1089394007L, -932592480L, 1743671806L, 
-633193269L, 2137004749L, -728664582L, -1898424776L, 1279409121L, 
-1729477485L, 1052114612L, -1185471550L, 1456969687L, 1630877729L, 
1152405478L, 1441467108L, 486088213L, 690898495L, -179259944L, 
-1891050506L, -351300605L, 303617861L, 1485079394L, 385166544L, 
758822905L, 1645116203L, 819073180L, -870166838L, -1359915073L, 
1837552393L, -971543522L, -358140468L, -394625123L, 793823783L, 
808454224L, -966430482L, 1788960155L, 7472125L, -465920278L, 
-1544877688L, 1427031857L, -1537075293L, -971341916L, -892265902L, 
-1207840345L, 551839217L, -1864027850L, -430036524L, 715210597L, 
-1707397265L, 569684392L, 515696390L, 1576763955L, -2102566763L, 
-728579854L, -1712498368L, 1290987177L, -1047994597L, 2105100524L, 
1584022778L, 153324847L, 2029582649L, -1091499186L, 240710044L, 
-549262579L, -70787721L, -17999488L, 68812766L, -925554517L, 
132053933L, 218628122L, 801052376L, 2078529L, -980981773L, -820893164L, 
527905698L, 1077521591L, 1739015809L, 1689771654L, 2088576708L, 
-877901835L, 1799204447L, 1287243960L, -322294378L, 1938915235L, 
